year,perc1,perc2,perc3,perc4,perc5,perc6,perc7,perc8,perc9,perc10,perc11,perc12,perc13,perc14,perc15
1939,45.401001,6.8610001,.2,.55400002,4.6290002,33.779999,.056,.044,1.432,4.1230001,.69999999,.168,1.461,.078,.51200002
1940,24.200001,3.474,.069,.17200001,13.152,44.432999,.27500001,0,1.359,10.217,.241,.103,2.27,0,.034
1941,12.879,0,0,0,13.4,66.241997,0,0,.94599998,3.033,0,0,3.5,0,0
1942,23.811001,7.8439999,1.226,0,7.6599998,26.950001,0,0,0,5.5900002,0,0,15.982,0,10.937
1943,31.9125,11.4735,.99999997,.1935,5.0469999,29.288501,.27399999,0,.1935,4.0615001,.58099997,0,8.1185002,0,7.8570001
1944,40.014,15.103,.77399999,.38699999,2.434,31.627001,.54799998,0,.38699999,2.533,1.1619999,0,.255,0,4.777
1945,50.209999,9.6780005,2.4119999,.234,3.1340001,23.856001,2.3929999,0,1.698,1.4,1.289,0,3.3670001,.32800001,0
1946,56.292,6.9450002,.048,0,10.823,16.346001,3.0209999,.37200001,.021,.054,.004,0,6.0159998,.058,0
1947,25.962,11.48,.017,.31400001,3.5339999,34.423,.58099997,3.325,.043,1.281,.008,0,7.6220002,0,11.411
1948,20.652,5.3540001,1.567,.123,1.823,58.528,.73500001,.12,0,8.2709999,0,0,2.825,0,0
1949,28.261999,7.0970001,1.194,.095,3.0580001,27.025999,.75599998,1.178,1.115,1.712,.257,0,3.8710001,0,24.378
1950,20.152,2.539,.82099998,.11,8.3249998,36.425999,1.466,.122,.50300002,6.9289999,.049,0,4.5599999,0,17.999001
1951,23.502001,1.057,.219,.66000003,1.024,56.978001,0,.117,2.7679999,3.4660001,.22,0,8.5780001,0,1.41
1952,20.809999,2.4920001,.55500001,.255,8.0030003,52.463001,0,.97000003,.53500003,9.0010004,.012,0,2.6730001,0,2.2309999
1953,39.634998,8.5710001,2.3050001,.24699999,20.886,14.268,.60500002,0,0,8.2700005,0,0,5.2129998,0,0
1954,29.572001,3.8199999,2.53,.57099998,6.316,27.937,.60900003,.69700003,.68699998,12.505,.79100001,0,3.1289999,0,10.836
1955,7.8829999,3.832,4.8610001,0,4.9629998,59.799999,0,3.477,0,8.3850002,.61500001,0,6.1849999,0,0
1956,15.933,2.198,12.851,0,11.327,46.375999,0,.036,.77399999,3.023,1.035,0,6.1960001,.23899999,.011
1957,18.284,4.1500001,14.554,.13,7.2449999,38.07,0,.39899999,2.253,2.905,2.7,0,.51999998,0,8.79
1958,25.722,2.8640001,10.519,.055,3.4159999,44.201,.037,.037,.84600002,.70300001,1.487,0,3.8900001,1.429,4.7950001
1959,26.716999,1.385,7.4850001,0,3.6489999,47.667999,0,0,0,.21699999,2.04,0,6.237,2.3010001,2.3010001
1960,13.371,2.01,6.9499998,1.36,4.3699999,60.549,.175,.068,.68900001,3.1789999,1.063,0,3.9000001,.685,1.631
1961,19.031,1.058,4.8959999,.042,2.2360001,65.047997,0,.049,2.3199999,.153,.736,0,2.9460001,.008,1.477
1962,12.583,1.186,7.4780002,.047,8.4879999,54.502998,.12800001,.106,1.9349999,.39899999,1.4119999,0,4.6370001,0,7.099
1963,9.4820004,0,49.455002,0,7.323,19.738001,0,0,0,0,.324,0,6.434,0,7.2449999
1964,9.2229996,5.1810002,35.583,1.1339999,1.092,29.138,.226,.04,.838,6.7940001,.87900001,0,5.1620002,1.45,3.26
1965,6.9070001,3.052,22.583,.85500002,.84299999,51.181,0,.31600001,3.5710001,1.844,2.1140001,0,2.085,0,4.6490002
1966,16.375999,3.1289999,14.159,.76899999,1.097,51.868999,.036,.208,3.26,2.454,1.2410001,0,.86000001,.63200003,3.911
1967,11.063,2.4389999,7.8730001,15.482,.69800001,50.967999,0,.324,3.947,1.893,1.574,0,1.3660001,0,2.375
1968,7.6939998,3.927,14.107,17.205999,1.033,43.710999,.055,.107,2.7190001,2.572,4.0019999,.035,.77399999,.264,1.794
1969,7.4759998,5.4489999,13.431,8.6730003,.99000001,51.519001,0,.064,2.1930001,.84200001,5.4840002,0,1.66,0,2.2179999
1970,12.061,6.8709998,11.931,12.085,.50599998,33.463001,.053,4.6560001,3.5940001,2.0739999,5.474,0,4.487,.171,2.5739999
1971,25.538,7.2280002,7.7589998,10.034,.131,29.881001,0,4.9400001,4.4310002,2.1570001,3.9979999,0,1.465,0,2.441
1972,22.746,7.007,5.1220002,11.977,.31,32.230999,.034,3.5539999,5.118,3.5999999,3.516,0,2.24,0,2.5439999
1973,39.957001,5.5310001,3.6670001,12.853,.86199999,12.979,0,4.2880001,4.9250002,8.5830002,1.347,0,1.998,0,3.0079999
1974,59.264,1.892,.69,4.3740001,.59200001,3.227,.02,8.4680004,2.8239999,11.392,.63,.003,1.483,.426,4.7140002
1975,62.766998,1.456,.87099999,5.6259999,1.4,3.4159999,0,5.5560002,5.809,7.4819999,.91299999,0,1.848,0,2.855
1976,61.816002,6.447,.81800002,7.1170001,2.825,5.6729999,.221,4.4159999,3.4549999,3.9879999,.197,0,1.569,0,1.459
1977,47.105,2.9860001,1.7869999,7.4330001,3.2720001,7.1240001,0,15.594,4.7509999,2.221,.192,0,2.0650001,0,5.4689999
1978,65.101997,2.7279999,1.103,4.1490002,2.385,6.0170002,.131,7.8340001,3.687,2.783,.25,.024,1.058,0,2.7490001
1979,52.382999,1.95,.428,2.493,1.158,5.671,0,21.031,5.5570002,4.2290001,.37799999,0,1.589,0,3.1340001
1980,59.132999,1.021,.15899999,1.22,1.033,19.665001,.067,5.3709998,1.846,3.9909999,.071,.002,3.003,0,3.418
1981,68.517998,2.579,.29699999,2.793,1.24,7.8520002,0,3.2079999,3.152,3.3199999,.021,0,2.5669999,0,4.454
1982,68.532997,3.6500001,.182,2.0009999,2.4059999,9.1379995,.066,.74599999,2.477,2.816,.007,0,4.381,0,3.595
1983,56.93,3.2290001,.108,1.725,2.948,19.271999,.13600001,.75700003,4.1500001,2.635,0,0,3.813,0,4.2969999
1984,40.127998,5.9229999,.126,1.722,8.4259996,24.013,.081,.29100001,4.527,3.3789999,0,0,5.4089999,.15099999,5.823
1985,28.76,9.0229998,.48800001,5.9390001,14.257,22.570999,.86799997,.92799997,5.1040001,1.92,0,0,6.6919999,.551,2.8989999
1986,29.200001,13.066,.27900001,9.8940001,9.7709999,24.415001,1.212,1.1339999,4.9520001,2.2390001,.089,.25799999,2.6029999,.44400001,.44400001
1987,25.542999,10.314,.61699998,9.0649996,12.542,20.979,2.1819999,2.517,4.9070001,3.6619999,.098,.133,4.2420001,.88599998,2.3139999
1988,16.547001,6.7280002,.62699997,24.948,11.227,12.049,2.184,6.256,6.348,2.9159999,.17299999,.104,6.757,0,3.135
1989,11.644,10.798,.41,42.313999,9.6689997,4.323,.89999998,8.4040003,3.6389999,1.455,0,.027,3.612,.574,2.23
1990,16.072001,13.566,.77700001,25.469999,9.8439999,10.808,1.051,5.8249998,3.997,2.7520001,.075,.018,5.2340002,.498,4.0139999
1991,31.663,15.612,.375,13.305,6.2750001,12.134,.96600002,4.3189998,5.0960002,1.1569999,0,0,6.9920001,.088,2.017
1992,51.759998,12.155,1.325,7.6810002,4.3590002,2.3380001,1.6670001,2.0969999,3.431,2.4660001,.072,0,7.6719999,.072,2.9059999
1993,32.664001,21.025,2.056,12.984,10.284,3.573,.63300002,1.513,4.8759999,3.0840001,.66000003,0,4.993,.033,1.6210001
1994,20.076,21.198999,1.296,29.674,4.8969998,3.279,.242,1.301,6.2160001,4.2189999,1.168,0,3.332,.057,3.0439999
1995,19.695999,18.482,3.2190001,21.356001,8.0369997,2.994,.24600001,1.408,7.217,5.691,1.908,0,5.6669998,.11,3.9679999
1996,18.919001,17.452,1.636,16.783001,12.687,4.52,.139,.79100001,7.8959999,7.2160001,1.727,0,4.6859999,.205,5.342
1997,15.521,19.542,2.6459999,22.566999,6.198,4.0749998,.39399999,1.484,10.288,6.3759999,1.161,0,4.4689999,.36300001,4.915
1998,12.554,19.642,2.0309999,15.892,3.6949999,8.2959995,.66500002,1.374,12.863,10.51,1.7819999,0,3.1670001,.34999999,7.1799998
1999,10.492,25.639,1.262,12.089,4.3270001,9.8439999,.192,.64300001,9.9390001,7.1669998,4.0419998,0,4.487,.14399999,9.7329998
2000,13.215,33.766998,1.302,9.1619997,5.5879998,3.9519999,.36300001,2.0610001,6.6919999,6.901,1.182,0,3.698,.79100001,11.326
2001,26.271999,26.018999,1.257,5.1339998,4.881,6.8860002,.266,4.0570002,4.5830002,4.9749999,1.059,0,3.0999999,.83099997,10.679
2002,25.903,13.932,1.289,3.0469999,6.177,31.950001,.233,1.2819999,3.2939999,2.5480001,1.3609999,0,4.0780001,.15899999,4.7459998
2003,31.408001,15.478,.95599997,2.9990001,3.1860001,28.306999,.163,1.1059999,4.1539998,4.3569999,.63300002,0,2.5439999,.255,4.4549999
2004,25.108999,18.917,1.4859999,2.3180001,3.6789999,35.803001,.37599999,1.267,3.1440001,3.404,.35100001,0,2.438,.52200001,1.186
2005,17.434999,14.534,.88999999,2.0910001,4.9390001,31.224001,.31400001,8.04,5.79,7.1750002,.308,0,2.01,.15000001,5.0999999
2006,15.099,12.026,.81599998,1.62,7.6329999,36.867001,.287,5.4320002,4.4710002,7.2210002,.241,0,3.8559999,.25099999,4.1799998
2007,12.09,14.032,.48500001,1.785,8.8050003,40.745998,.25799999,3.5510001,4.1389999,7.3509998,.39300001,0,2.5,.35699999,3.5079999
2008,43.550999,10.304,.56300002,.96700001,5.1139998,19.624001,.208,5.335,3.369,5.8000002,.168,0,2.0829999,.29300001,2.6210001
2009,52.847,16.073,.56199998,.76999998,5.171,8.8710003,.193,1.286,3.721,5.7179999,.255,0,1.943,.27500001,2.313
2010,50.234001,13.566,.56199998,.713,7.8899999,7.7859998,.248,3.0739999,3.256,7.6459999,.14,0,2.033,.28600001,2.5680001
2011,51.787998,11.05,.63599998,.67699999,11.244,5.0669999,.248,1.22,3.654,9.1920004,.192,0,2.0699999,.21600001,2.747
2012,51.189999,11.323,.89300001,1.257,9.2729998,3.3959999,.20100001,1.377,3.813,12.026,.19400001,0,1.854,.48500001,2.7179999
2013,36.144001,14.444,1.179,3.0669999,11.265,5.632,.097,1.011,5.8559999,15.864,.44299999,0,1.967,.60500002,2.427
2014,29.308001,16.620001,1.9910001,2.346,11.492,7.9879999,.13,1.567,5.4349999,16.355,.35600001,0,2.4749999,.74699998,3.188
2015,20.735001,15.195,3.756,3.849,9.1999998,16.343,.079,1.942,6.1830001,13.049,.46599999,0,4.1230001,.713,4.368
2016,20.493999,12.201,5.8930001,5.6690001,9.9569998,16.573,.152,2.1659999,6.6880002,11.468,.17900001,0,4.414,.45100001,3.694
2017,19.669001,16.531,4.9689999,1.275,15.047,11.08,.222,2.1570001,5.8140001,14.678,.426,0,3.1860001,.26899999,4.6760001
2018,14.319,11.224,8.4069996,3.457,15.009,12.685,.28200001,1.959,5,17.754,.70700002,0,4.3449998,.125,4.7280002
